-65 * 77 -5005
81 ^ 0.5  9.0
-25 ^ 0.5 Operacion no valida
-28 ^ 81 -1.65882487E117
-36 / 61 -0.5901639344262295
49 * -49 -2401
-44 ^ 8.69 -191251019387113.75
-68 + -51 -119
45 + -25 20
15 - 43 -28
-2.5 ^ -5.7 -0.005391901508953035
0 / -1 0.0
-1 / -7 0.14285700
-11 + -78 -89
-3.3 / 54 -0.06111111
-5 * -43 215
9 ^ 13 2541865828329
-21 - -40 19
-4.2 / 6.9 -0.6086956521739131
74 / -66 -1.1212121212
-66 + -19 -85
-6 - -69 63
89 * 15 1335
50 + -36 14.00
18 / 58 0.3103448275862069
89 * -12 -1068
-67 / 23 -2.9130434782608696
-99 - -58 -41.0
97 * -25 -2425.0
-82 + 2.8 -79.2
-28 ^ -81 -6.028363911347561e-118
-68 ^ -88 -5.48549321039571e-162
47 ^ -26 3.353170939601097e-44